23.7393
11.8764
88.6195
45.5827
11.7545
10.3326
66.0583
72.7887
72.4231
11.7004
9.57426
10.0211
9.45238
12.2556
9.10029
8.57214
10.4951
10.2649
11.1993
18.512
74.2378
13.041
10.8608
9.83156
10.3055
11.1587
39.9221
86.3444
79.316
14.2869
11.6056
10.4139
9.52009
9.34404
8.80236
9.65551
8.84299
12.5671
25.3102
10.4951
8.89715
9.69614
9.76385
8.62631
10.9014
8.27422
8.5586
9.3305
10.6441
8.50443
8.77528
8.59923
9.04612
8.73465
10.292
14.2869
8.38256
9.38467
10.1972
10.1566
9.46592
9.66905
8.76173
9.62843
9.80448
10.1295
13.1494
88.1184
91.5445
83.8391
10.9826
9.87219
10.5222
9.49301
9.30342
9.03258
11.3076
9.3305
9.9399
10.6983
9.54718
11.6733
9.73676
10.1701
10.4816
10.0482
11.3212
73.6825
95.2957
92.0591
69.4574
86.6694
46.4358
11.89
10.5222
10.0889
10.2378
10.2107
11.8764
9.8451
10.4545
9.47946
10.3055
9.0732
9.77739
9.76385
9.19508
9.9399
9.61489
9.85864
9.89927
9.61489
10.1159
10.4545
9.4253
8.87007
10.9014
9.31696
46.3952
9.28988
10.7253
19.6902
86.3579
11.0097
9.87219
9.69614
8.99195
9.54718
10.9014
9.14091
9.5878
10.1159
9.81802
38.5002
103.299
11.6462
9.31696
10.1024
9.61489
9.53363
9.50655
8.73465
9.52009
9.9399
9.70968
10.143
8.73465
8.82944
8.9107
8.89715
8.47735
9.73676
9.15445
9.37113
10.7795
14.5442
9.56072
10.9691
9.38467
9.69614
10.8337
9.56072
10.4545
8.45027
9.26279
9.34404
10.1295
11.1858
9.52009
10.2243
10.0211
10.9285
9.8451
9.23571
10.468
9.62843
10.3326
9.49301
9.3305
10.4545
9.87219
10.5222
9.79093
9.83156
10.4816
10.143
10.5222
9.20862
10.5764
9.99406
10.1024
10.6712
9.45238
38.2158
9.60134
10.0076
9.60134
10.0482
10.0211
9.60134
9.61489
10.5357
9.79093
10.766
9.19508
8.88361
9.83156
9.52009
9.39821
10.2784
8.54506
9.85864
11.0639
10.6712
9.6826
10.1295
10.0482
10.5493
10.3462
10.6847
10.617
10.2378
10.2243
10.7389
10.8743
11.091
96.4197
104.071
101.092
107.849
108.242
86.6559
88.2132
39.0419
11.7139
11.2264
13.5421
69.9449
91.0299
54.4663
11.592
11.5379
9.56072
11.0368
10.8608
9.81802
9.87219
10.7524
10.3191
9.72322
9.77739
10.6576
10.6305
10.441
9.77739
9.91281
9.96698
10.5357
10.0618
9.87219
10.617
10.8201
11.1587
9.69614
9.57426
8.36901
10.0618
10.4003
9.64197
10.7118
9.96698
10.0347
9.75031
10.0753
9.98052
10.2243
10.2784
10.0889
10.1837
10.4816
9.57426
9.99406
9.95344
11.1045
10.0211
9.4253
9.92635
9.53363
10.2649
10.8337
9.38467
9.96698
9.69614
10.0753
10.766
10.2649
10.9285
10.6305
9.50655
11.7139
11.4431
10.3055
9.77739
9.54718
44.0524
10.2243
10.468
10.292
11.3212
9.96698
10.3732
10.7795
9.43884
10.143
8.89715
10.3055
10.4274
10.1566
10.2107
9.3305
8.59923
8.76173
10.6035
10.0889
9.75031
10.5899
10.3191
10.4274
9.64197
9.95344
9.23571
9.60134
9.4253
13.0546
10.2378
10.9826
11.3483
9.92635
10.3055
9.83156
10.8743
11.2129
11.5243
11.9035
42.3868
91.4362
65.5979
10.5357
12.4994
10.9962
11.4295
11.5243
76.8785
62.1717
20.4486
20.0017
57.0122
95.6072
98.1937
96.677
85.3016
82.9318
100.591
54.0871
17.0495
106.224
100.929
85.8569
72.2606
85.085
74.7117
71.6783
59.1383
60.1269
67.2907
72.6804
61.1696
60.5196
63.5937
64.4604
54.8184
60.2894
53.085
60.9259
62.6593
62.1988
63.6478
75.6326
75.3347
67.4396
62.1582
53.8027
61.278
72.5314
86.4392
92.0862
51.487
15.0588
67.1552
88.4299
98.1531
68.4824
99.2229
98.9792
102.961
79.4108
91.6664
61.278
14.8692
10.6305
11.7139
10.8608
11.741
21.1663
84.4891
85.8704
95.4853
38.1481
17.3068
26.8133
10.9691
9.8451
9.77739
10.5087
11.3889
9.98052
11.0774
10.9691
11.3618
92.1946
96.5957
88.8497
93.2509
30.9708
11.89
21.7215
10.5493
9.5878
10.441
11.1451
10.7795
10.5087
10.143
10.4816
10.8337
10.5493
9.62843
11.0639
9.91281
10.3732
31.6885
97.977
21.8705
11.2941
10.9826
10.2649
10.2107
9.98052
10.0347
10.3597
9.52009
10.3732
9.66905
9.11383
9.73676
9.75031
9.41175
10.3597
10.2378
10.5493
10.2107
10.3191
10.4951
9.00549
10.5628
9.85864
9.83156
9.08674
9.61489
8.63986
9.37113
9.75031
10.8337
11.0639
49.9703
10.9556
10.7389
10.5222
30.5239
11.8629
9.46592
10.1159
10.1701
11.7139
10.9285
10.0889
51.3381
10.5764
10.9149
10.6441
11.1587
10.5357
11.4702
49.1984
11.5108
10.1837
9.9399
10.2649
10.7524
9.96698
9.88573
9.89927
9.95344
9.83156
10.8066
10.4545
10.0889
10.2514
10.9826
9.83156
12.6483
34.9386
10.4139
10.5628
11.6462
11.9848
51.5954
79.939
55.3059
12.1608
12.0118
10.5087
11.1045
11.3347
78.7608
11.4972
11.2264
11.9035
10.9691
10.7253
11.0097
11.4972
20.9496
95.1603
67.6021
12.2827
10.7118
40.1117
104.856
33.0156
11.3076
10.441
9.96698
9.39821
9.34404
11.5514
10.6035
11.3347
10.617
10.4816
10.3732
10.4139
10.5899
10.1295
10.5628
9.57426
10.9826
11.1181
83.9339
89.1205
92.5873
99.2906
12.8785
11.8358
11.3483
48.5349
10.6847
10.9556
10.8472
10.441
11.267
11.1858
10.8878
9.65551
10.2243
12.0389
46.9098
87.8611
79.3431
24.5518
71.6783
87.3194
42.2784
11.3618
10.0076
10.9014
9.79093
10.0211
10.3597
9.54718
10.6305
9.8451
9.28988
9.50655
9.52009
10.5899
9.62843
10.0753
9.9399
10.4545
10.3326
11.1181
11.0097
41.5201
10.8337
9.80448
10.942
11.6191
48.088
88.0507
13.9619
12.3775
12.7296
53.1933
88.1861
101.187
101.512
13.7046
12.2556
11.6597
13.3525
17.6183
99.5073
96.4468
101.051
99.2229
98.8573
85.085
78.9369
86.9402
89.5809
75.0774
94.7134
98.5458
106.008
107.714
106.63
100.875
111.56
94.4426
103.475
100.645
78.9775
100.685
98.3833
119.983
64.5281
25.1341
41.6961
12.8921
13.84
48.2369
14.2598
89.9601
12.8379
11.5649
10.6847
9.19508
9.88573
11.1316
17.1307
9.80448
10.3868
9.28988
9.85864
9.92635
9.6826
9.57426
10.0347
9.37113
10.3055
9.85864
10.4003
10.1295
9.52009
9.22217
12.4181
11.6597
10.0889
10.3462
9.05966
9.168
10.3191
9.70968
8.53152
9.23571
10.3055
9.73676
10.942
9.168
8.95132
9.64197
9.65551
9.72322
9.75031
10.1566
8.50443
9.14091
9.91281
33.7604
20.2048
9.75031
9.52009
8.58569
8.59923
9.76385
9.35759
9.34404
9.41175
10.9014
8.93778
10.6712
9.14091
8.93778
9.75031
9.92635
9.56072
8.8159
8.77528
9.89927
9.56072
9.4253
9.39821
10.0211
9.08674
9.19508
9.23571
8.73465
9.12737
8.93778
10.7389
8.84299
9.83156
9.91281
9.66905
9.76385
9.64197
11.5514
9.79093
9.50655
9.38467
9.69614
38.6898
9.73676
9.19508
9.73676
8.47735
9.31696
9.85864
9.8451
41.4117
13.9619
8.92424
8.85653
9.34404
9.49301
9.20862
8.66694
8.84299
8.46381
9.9399
10.5764
10.4274
9.53363
10.5493
9.22217
10.9691
9.39821
9.35759
9.57426
12.066
27.9915
9.98052
10.4951
10.1024
9.99406
9.15445
9.57426
9.75031
9.98052
10.0618
9.14091
9.79093
10.3055
9.70968
9.87219
9.6826
8.93778
9.28988
9.69614
9.04612
9.95344
9.99406
10.1024
8.5586
8.78882
9.66905
10.3462
9.38467
8.96487
9.31696
9.26279
9.03258
9.01903
9.0732
9.72322
8.78882
9.31696
8.96487
9.95344
10.4545
9.60134
9.43884
8.78882
9.92635
9.49301
8.89715
10.0211
11.1722
11.4295
11.2806
10.143
43.0232
89.5809
95.9322
95.1467
72.0575
26.1769
79.5056
28.7363
10.617
11.1181
8.72111
9.98052
11.0368
11.1181
10.6847
9.54718
9.64197
10.0347
9.95344
9.57426
10.1566
10.2514
10.8337
9.24925
9.28988
8.9107
9.62843
9.35759
9.19508
8.5586
9.22217
9.20862
8.43672
8.87007
9.168
9.26279
8.62631
8.51798
9.12737
10.8878
9.6826
8.45027
8.5586
9.85864
9.45238
8.80236
8.3013
9.26279
11.8493
8.9107
9.72322
9.53363
9.24925
11.2806
10.3462
9.98052
9.66905
10.143
10.4816
10.2784
8.99195
9.168
8.87007
8.66694
9.22217
10.6847
14.4765
10.4274
9.18154
8.99195
9.0732
11.0503
9.20862
9.53363
9.05966
11.0639
75.0097
10.5764
11.1181
9.60134
9.50655
10.3597
8.9107
9.9399
10.143
10.8608
8.78882
9.66905
8.49089
9.3305
9.45238
9.76385
10.6441
78.4493
45.8942
9.52009
9.99406
9.39821
8.87007
9.35759
9.8451
9.73676
9.85864
10.7795
11.8629
54.0194
88.2809
103.218
83.2568
74.0752
47.6411
12.5941
17.6183
10.0482
10.2649
9.65551
9.61489
17.6047
9.69614
10.2243
10.3732
9.50655
10.0347
10.8878
12.0931
68.6178
99.9136
77.8399
39.4481
10.9014
10.6847
9.88573
10.6305
9.83156
10.292
10.9691
10.6441
11.6327
9.72322
11.2264
10.4274
10.5628
9.49301
10.6847
11.3754
12.3504
39.8138
54.7913
81.3474
85.8704
82.0786
86.0194
76.4045
14.2734
97.5572
95.2957
108.472
117.058
49.5099
11.9441
11.2535
8.93778
10.6983
9.56072
11.8764
10.0076
9.65551
22.832
83.1484
88.0371
79.6546
67.724
10.9962
11.1858
9.91281
10.0753
9.41175
10.6576
9.83156
10.5222
9.6826
9.60134
8.59923
10.2649
8.96487
9.50655
8.99195
9.37113
10.0347
8.61277
10.4274
10.9014
9.70968
10.0753
9.62843
11.2264
71.9898
18.0787
9.88573
9.70968
8.23359
9.91281
8.49089
9.37113
9.43884
11.0233
9.00549
8.62631
28.0321
9.66905
8.97841
8.58569
8.57214
10.6305
47.0859
11.1181
9.4253
9.22217
10.3732
9.76385
9.98052
9.66905
9.61489
9.46592
9.23571
34.3969
11.9035
74.0752
9.11383
10.468
9.9399
11.0097
10.4816
9.168
9.30342
10.5222
10.5899
9.75031
12.2285
9.62843
9.47946
9.87219
9.89927
11.2535
59.2737
35.8865
9.10029
11.3754
9.37113
10.5087
10.2243
9.76385
9.27633
10.8878
9.72322
10.3055
9.52009
10.9285
44.4858
20.0288
10.2649
11.091
11.7545
51.0131
87.5767
14.5984
67.9678
95.9864
87.6444
92.804
94.3207
93.6571
57.7706
89.7028
86.9673
68.2115
68.2521
67.575
69.4303
67.2907
64.8666
64.5687
61.9686
62.2936
62.5916
62.3884
65.7333
65.8687
69.2136
69.6876
64.027
69.2136
68.7261
62.9707
13.5692
11.4024
10.5899
12.066
11.8493
9.95344
35.6428
38.0533
11.1181
11.1722
10.292
8.95132
10.8201
8.82944
9.9399
10.8066
9.65551
10.8608
9.81802
9.69614
8.1388
9.87219
8.72111
9.8451
10.5493
9.27633
10.441
10.6576
9.22217
9.57426
11.0368
10.6441
10.0076
11.1858
11.3212
69.7689
46.4223
10.4139
10.9556
10.292
9.76385
10.1159
10.5493
10.7253
9.28988
10.468
9.57426
10.9962
10.9014
9.56072
10.143
9.99406
9.30342
8.58569
10.3732
10.5899
10.2107
10.2514
9.57426
10.0347
20.3267
108.12
31.8104
10.3462
10.3732
9.50655
10.6035
11.0774
10.5628
10.9149
10.5764
10.5222
10.9285
63.9322
87.5767
81.5911
90.9622
95.4176
82.8641
21.9382
10.0618
10.5899
10.2378
10.7524
9.77739
40.8836
10.5628
9.49301
10.9826
10.5222
9.89927
9.75031
10.6305
9.69614
10.1701
9.80448
9.61489
9.39821
9.65551
10.0889
10.0482
10.2514
10.8743
9.05966
10.5087
9.8451
9.88573
10.3732
9.49301
10.3191
10.0753
10.1566
9.54718
10.3597
9.50655
9.92635
10.2243
9.54718
9.61489
10.2378
10.143
10.0076
10.1159
8.69402
10.0618
9.75031
10.8878
10.7389
10.1701
8.99195
9.65551
8.97841
9.52009
11.3754
9.01903
9.80448
9.30342
9.88573
10.1566
9.37113
9.39821
16.6703
10.617
10.3732
10.3055
9.52009
27.829
43.2805
11.7275
10.793
10.1159
10.7389
78.1514
98.7896
30.5645
10.3326
11.6733
10.2243
9.47946
10.292
8.99195
9.3305
10.2784
9.18154
9.22217
9.60134
12.0795
9.26279
9.91281
10.0347
9.26279
9.28988
9.168
10.0482
11.2941
9.39821
9.18154
8.78882
10.6035
9.64197
10.5628
10.4003
9.50655
10.4274
10.1566
9.35759
38.9064
11.1451
10.6305
10.4816
10.5357
11.8358
91.206
126.131
27.3144
10.617
10.0618
11.6056
42.3732
92.6821
70.7033
10.793
10.4274
10.292
10.5764
10.5357
11.4837
10.441
9.50655
11.5108
12.4181
69.4032
36.198
9.96698
9.95344
10.1701
11.0639
10.2784
13.0546
12.4858
11.5649
12.2285
90.3528
97.5437
85.9517
115.311
91.6123
100.022
98.8844
100.74
104.694
139.538
92.5602
35.4397
12.1066
10.9962
10.5764
9.8451
10.292
10.1837
11.4024
11.1587
10.4003
9.80448
11.2129
9.96698
10.3462
10.0076
10.6305
10.5493
24.9175
94.0092
89.2424
83.8256
107.267
61.5217
10.793
10.9962
9.18154
9.85864
9.76385
9.88573
9.10029
13.6911
8.80236
10.2378
11.5649
10.3055
10.9691
9.92635
10.4545
26.0821
75.7816
88.8903
23.3059
24.5112
58.407
65.0698
12.9327
10.0753
10.9826
10.4545
48.2776
10.7253
11.416
11.0368
69.2813
77.7316
31.9187
9.54718
9.23571
11.4024
9.10029
10.7253
10.8337
10.6035
60.8175
78.3816
11.6868
10.0889
9.73676
10.0889
10.4951
10.1566
9.87219
9.80448
12.0254
10.5087
13.2848
101.512
112.765
13.2035
10.5628
11.9848
9.95344
10.617
91.6123
79.0587
11.1722
10.2243
9.26279
9.91281
11.89
77.8806
76.0118
11.2941
11.9441
11.5243
81.2796
10.1972
10.4545
10.4003
11.5649
12.1879
11.2535
10.1701
22.0194
13.3119
12.54
14.7067
74.5221
85.8162
78.7744
12.1879
37.2949
78.2056
74.5898
76.9597
23.956
13.4744
11.267
11.5379
13.9348
79.6952
73.8721
13.8536
12.3368
56.1861
68.7126
10.0211
10.4274
10.441
10.3732
9.83156
9.89927
11.6327
53.0715
11.3754
10.0889
11.1181
10.7389
10.3326
11.5785
10.7118
10.143
10.9962
12.3504
20.4486
67.8865
94.4426
75.443
76.5128
65.6114
72.8835
77.1087
54.5611
67.5073
71.4481
72.721
61.0342
67.724
55.834
66.9521
60.9665
63.1603
75.5107
84.8006
73.7232
73.6825
75.9576
81.8484
69.9991
72.87
86.3308
97.8822
89.7434
63.7291
15.1671
12.9462
11.8493
11.1858
11.4295
12.0254
13.8806
79.2619
88.5924
11.9035
11.3212
10.0347
11.0097
10.4545
10.7253
9.56072
10.4274
9.30342
10.8337
9.72322
10.0618
9.83156
10.3732
9.85864
9.61489
10.7795
10.0211
11.2941
76.4045
82.3088
48.0609
10.468
9.72322
10.3868
11.9848
9.88573
13.0952
67.0469
11.5649
11.1045
10.2107
42.3326
12.1608
8.8159
9.35759
9.98052
10.0482
9.89927
10.0211
9.75031
10.6441
9.52009
9.22217
9.96698
9.35759
9.28988
9.9399
10.5357
10.2514
10.2243
9.87219
10.3326
10.3462
9.08674
10.441
10.0076
9.77739
9.9399
10.3191
10.2514
11.267
10.2378
11.5649
72.8565
86.534
82.4849
123.26
90.4206
11.3889
9.83156
10.6712
9.89927
9.31696
10.2243
33.4083
10.5357
10.1566
9.65551
9.64197
9.23571
10.5222
9.168
9.76385
9.53363
11.1181
9.9399
9.52009
9.75031
10.7118
10.617
9.01903
10.2243
10.0076
10.4951
9.49301
9.92635
9.43884
8.96487
8.77528
9.98052
9.64197
9.87219
9.96698
9.87219
9.39821
9.66905
9.05966
9.76385
10.0618
10.1972
10.9014
50.7558
84.7464
103.773
89.1611
80.6838
68.7126
11.3483
10.2243
11.917
11.1451
25.3643
68.997
10.9826
10.3055
9.41175
11.3483
9.56072
9.53363
10.1837
9.03258
9.91281
10.942
9.88573
14.6119
66.3427
107.457
50.661
10.6035
9.81802
9.87219
9.47946
9.66905
9.85864
9.57426
10.5628
10.6441
9.64197
9.6826
10.2784
10.4545
8.87007
10.2243
10.3055
9.49301
9.77739
9.60134
9.69614
9.52009
10.7389
9.49301
9.80448
9.87219
9.168
10.9285
10.5087
11.1045
12.0931
12.3639
45.6639
10.0076
10.4003
10.0211
8.54506
11.0503
108.079
48.3317
10.6035
10.1295
10.143
10.8337
85.5319
19.6496
10.4951
10.3868
9.49301
10.0889
10.2649
49.0901
40.4502
9.35759
11.7139
10.2243
9.92635
9.76385
9.22217
10.7389
10.2107
8.8159
9.96698
9.87219
9.11383
9.6826
9.01903
8.97841
8.72111
9.15445
9.24925
9.8451
9.05966
10.1024
8.87007
10.0076
11.0639
12.3368
9.60134
9.9399
9.57426
10.2243
9.15445
8.28776
9.168
9.87219
9.99406
9.66905
9.69614
9.24925
10.2649
9.10029
9.19508
9.12737
9.56072
9.8451
10.6305
10.2514
9.81802
9.98052
9.24925
9.89927
9.66905
9.04612
10.2107
25.6352
27.2467
9.52009
10.0889
50.7964
13.2442
18.6339
9.168
9.11383
10.0753
9.6826
9.10029
10.0889
9.3305
10.2784
9.18154
9.00549
10.441
9.52009
9.75031
10.6441
9.89927
9.81802
9.54718
10.441
9.73676
9.65551
10.1566
9.54718
10.0482
10.4274
10.1837
9.62843
9.27633
9.52009
9.89927
10.5764
8.35547
9.91281
9.81802
8.59923
10.0753
10.6983
9.88573
9.11383
11.1993
10.6576
10.1295
10.3191
9.5878
9.56072
10.1566
10.0211
9.80448
11.0233
61.0748
78.192
46.7067
12.4587
9.26279
10.6983
9.77739
11.3754
10.4139
9.57426
9.37113
9.43884
9.75031
11.4702
10.1295
9.54718
11.1181
40.7752
87.6851
85.9923
27.1248
9.52009
9.77739
9.76385
10.143
12.5941
9.8451
8.78882
9.98052
10.2378
11.6056
10.2784
9.10029
10.1837
9.34404
9.61489
12.7702
10.1159
10.7524
10.3055
8.76173
10.2243
10.6441
10.9285
27.3144
30.1041
10.143
9.52009
11.0503
24.1185
86.7642
68.2928
10.617
9.79093
10.3462
10.0211
10.2784
12.1473
9.92635
10.0076
11.7139
10.8878
9.19508
8.9107
10.1566
10.8472
11.917
10.6441
10.3868
10.8066
11.0368
11.7545
10.8878
11.917
25.107
86.3444
94.6728
70.5408
13.9077
10.1701
9.18154
9.11383
9.61489
9.52009
10.0347
9.64197
9.73676
9.18154
10.0618
9.10029
9.54718
11.4837
9.95344
10.8608
11.2941
10.2649
42.9826
13.5963
70.771
87.9288
83.2162
13.1765
8.5586
10.1837
9.99406
10.2378
10.1295
8.23359
9.80448
8.74819
9.69614
10.1024
31.7968
44.8785
10.5493
9.0732
10.9014
11.6056
14.0838
40.5721
34.0448
10.942
11.2941
33.449
53.5048
11.1993
10.1024
9.81802
9.39821
8.8159
11.1858
61.1832
87.4278
82.7286
24.7414
10.8608
10.0211
11.5514
12.5941
10.0211
10.9826
9.73676
10.2649
8.9107
8.97841
9.73676
8.82944
12.8379
9.54718
10.7253
9.66905
13.014
10.9962
11.8493
12.2827
60.4248
38.2022
12.4858
10.468
10.1566
9.4253
9.14091
11.4431
46.2462
37.8501
9.22217
9.37113
8.80236
9.76385
9.18154
10.5357
7.90858
8.40964
9.69614
10.8201
9.26279
9.20862
10.5493
9.87219
8.69402
9.37113
9.10029
10.2243
10.9285
11.3483
9.28988
9.61489
9.77739
10.0618
9.72322
10.2649
10.4003
11.2399
8.45027
9.57426
11.2129
9.35759
9.57426
10.1837
9.38467
10.8337
10.7118
11.1858
11.3889
11.2399
13.9619
53.9111
85.7756
74.5628
64.0676
72.5314
70.7304
70.8793
64.3114
64.176
70.7439
75.4024
68.6855
53.8975
62.9166
61.2103
61.3998
61.0478
54.8184
63.1468
73.1002
88.1455
83.0401
14.639
36.3199
25.7164
56.0372
99.2906
94.8353
86.1142
86.5204
45.217
11.4837
9.9399
10.7389
9.65551
10.292
9.76385
9.87219
10.766
10.0347
37.7012
9.81802
10.2784
10.1972
9.43884
9.27633
8.58569
9.04612
10.9691
9.96698
9.0732
9.64197
10.1566
9.15445
29.2509
14.0567
12.4723
74.2919
86.4527
101.66
99.1552
47.763
10.1295
10.3732
10.0753
10.3326
9.57426
10.7524
9.73676
10.0482
10.0889
9.62843
8.89715
10.1024
9.56072
9.31696
9.62843
10.1159
10.3191
9.52009
9.85864
34.9792
12.0254
10.1159
9.83156
10.5899
9.54718
9.80448
15.0046
9.69614
10.6847
9.76385
11.2264
10.9149
9.9399
10.6441
10.9826
10.4274
10.9149
89.906
79.5869
88.5517
79.316
96.7989
34.9928
11.4702
10.3868
10.6983
9.15445
9.69614
10.1701
11.267
29.9009
87.0079
84.2454
89.933
23.3601
10.468
10.2514
10.9285
9.45238
11.4972
9.65551
10.6305
10.1159
10.6712
10.4951
9.77739
9.41175
9.53363
9.80448
9.6826
9.87219
10.5764
11.5649
12.2285
10.6441
9.62843
10.6576
9.28988
9.65551
10.1159
11.3212
45.2441
82.2953
96.027
101.227
87.0215
25.2289
40.7617
10.766
10.9285
10.4545
10.8743
9.43884
10.2649
10.2514
10.8743
9.14091
10.0618
9.62843
9.73676
11.1451
10.9285
41.7503
11.4431
9.28988
10.292
10.1972
11.2264
27.4227
91.6258
42.6034
11.7004
10.2784
12.5671
48.5349
10.7795
11.9577
10.5222
12.1337
60.5061
92.8175
66.275
10.9149
11.5243
9.45238
10.617
10.5357
11.2264
10.8066
9.70968
10.0211
10.4274
10.7795
10.4545
8.70757
8.6534
8.73465
10.4003
10.1159
10.4003
9.92635
10.1972
9.80448
9.85864
8.84299
10.1701
9.79093
36.2522
11.1045
11.0097
10.1295
10.1701
10.0211
70.771
88.6601
88.2538
40.2471
11.592
10.5764
9.83156
9.50655
9.89927
9.41175
10.0076
10.4816
11.0639
9.26279
10.3868
10.0347
8.88361
9.57426
11.0774
9.80448
9.10029
10.4545
9.62843
9.41175
9.15445
9.26279
8.3013
9.61489
9.64197
10.1295
9.8451
10.5493
10.1972
8.97841
10.0347
9.6826
9.0732
10.143
9.98052
9.4253
9.60134
9.83156
9.4253
10.2649
9.0732
9.66905
10.9556
8.99195
9.76385
9.28988
9.88573
8.54506
9.08674
8.97841
9.9399
10.0211
10.3191
10.4816
8.51798
9.4253
9.91281
9.53363
9.26279
9.77739
9.75031
9.91281
9.83156
10.6712
61.4134
79.0181
79.7088
13.4608
10.4139
10.1566
9.85864
10.6983
10.3326
9.54718
10.9285
9.62843
10.3462
9.3305
9.0732
8.92424
10.1972
10.3191
10.0482
9.92635
9.91281
9.3305
10.441
9.91281
11.416
11.0368
10.6035
10.6983
11.1587
80.5755
88.5517
92.3029
44.391
9.99406
10.5899
9.3305
8.28776
10.9014
9.19508
11.4431
12.8921
9.83156
28.3707
81.3067
13.5556
10.441
10.0889
10.6576
11.9983
93.3592
26.1227
73.1002
94.5915
90.556
98.1125
91.8154
22.1684
10.9826
13.2983
10.6712
10.2378
10.2243
10.8878
12.6619
34.5053
11.917
11.0774
11.5243
10.2649
10.7389
33.1646
99.6156
11.9441
11.3889
32.975
10.5628
10.6847
10.8066
8.5586
9.81802
10.9556
10.6712
9.52009
10.1837
9.19508
10.1295
11.4566
12.0525
64.5958
104.775
89.906
78.3004
14.5713
11.5108
10.1972
9.31696
10.9556
11.3076
10.7389
10.7524
10.3868
11.9441
21.5861
32.0406
10.9149
9.47946
9.27633
8.8159
10.0347
9.14091
8.47735
8.68048
9.66905
10.8201
9.61489
8.76173
9.03258
9.77739
10.2649
8.99195
10.3055
10.1024
9.05966
9.77739
10.0347
9.0732
9.72322
25.3914
76.2826
61.4269
12.0254
10.1972
9.79093
11.3618
11.0233
11.1181
8.54506
9.79093
11.4972
9.46592
10.9285
12.1473
12.2285
10.5899
10.3055
10.3732
17.9974
95.5665
84.8548
70.4866
84.6516
12.0795
10.7253
10.1295
10.4139
10.6983
29.9957
99.6156
95.1603
32.5146
9.99406
10.6847
10.0211
9.76385
9.24925
11.3212
9.87219
8.74819
9.88573
9.08674
9.22217
9.6826
9.5878
9.6826
9.11383
10.2784
9.79093
9.46592
8.50443
10.3732
8.6534
8.95132
9.88573
10.793
9.99406
9.54718
10.0753
10.2378
10.3732
8.97841
9.20862
8.99195
8.50443
9.37113
9.87219
10.2243
8.96487
9.39821
8.53152
8.66694
9.96698
10.4003
9.56072
9.99406
11.0368
14.9369
9.83156
10.766
19.3923
70.9199
59.1654
56.5247
22.4799
11.0639
11.267
57.2424
71.895
65.1239
14.8421
70.9064
87.8746
96.6093
88.6465
112.372
10.3732
107.917
99.1958
93.7925
105.967
103.475
101.796
99.4125
96.4197
114.349
93.3863
92.7363
101.268
97.8145
111.479
94.2801
102.392
91.6935
89.0257
98.1395
97.0562
89.4455
108.079
102.067
3192.2
967.379
105.276
91.5987
85.3964
94.903
95.8916
94.9165
96.677
101.552
98.451
95.6749
110.815
99.1281
94.0769
98.275
344.876
45.1087
14.2057
10.8743
10.7389
10.7118
9.61489
11.9306
10.3868
9.12737
10.8066
10.5899
11.3347
10.5899
18.661
10.6847
10.9285
56.9716
64.5145
16.413
10.6847
11.0097
10.4274
12.5535
28.0728
101.999
16.6026
10.3191
9.3305
10.8066
9.0732
9.38467
9.54718
9.91281
9.35759
10.3868
9.37113
10.8337
9.54718
9.95344
8.50443
10.2107
11.9983
10.4003
9.4253
10.8608
9.6826
12.7431
41.9128
75.9441
33.6386
9.5878
9.8451
8.17942
9.95344
12.066
12.5806
48.8328
81.0223
83.0266
72.7887
12.1879
9.65551
11.9848
12.8379
12.3098
10.4951
10.8066
9.65551
9.75031
10.3462
9.41175
10.7253
8.93778
9.65551
9.43884
13.3119
60.98
77.8264
19.9204
11.7004
11.5785
12.3098
12.3233
52.8142
12.7973
10.8608
13.6504
60.3571
90.2174
83.0672
90.3799
74.6034
61.1832
63.4041
58.9081
85.5996
87.5767
79.2483
78.0837
80.5348
73.195
69.4303
57.3508
69.7282
60.4384
55.6986
55.1299
56.1591
63.7562
58.5289
63.9322
53.5184
54.9809
61.9144
67.1688
80.8463
79.6952
76.9326
82.363
81.0494
60.1675
31.7697
13.2171
11.8222
12.9462
11.7952
10.1972
10.5899
59.5175
65.0833
10.8878
10.1024
9.62843
9.85864
9.64197
10.2649
9.85864
11.4295
10.441
9.64197
10.1024
45.5421
11.6597
10.5899
9.168
10.9014
9.11383
9.168
9.53363
9.92635
9.87219
15.5869
10.4003
10.2378
10.2243
9.31696
9.65551
9.92635
9.00549
10.0618
10.617
10.5493
8.69402
9.85864
10.1295
11.9035
59.1925
55.834
11.4972
9.9399
10.3597
10.0482
41.669
105.913
28.7905
10.2243
11.2129
10.4274
10.4816
10.0889
9.24925
9.9399
10.9691
9.43884
9.80448
9.12737
9.69614
9.75031
10.5087
10.5493
9.49301
9.77739
10.4274
10.617
11.6462
11.0097
35.2094
8.78882
9.35759
9.81802
10.8337
10.0076
10.4951
9.95344
10.9826
9.52009
11.267
8.95132
10.5357
11.2806
9.38467
10.0076
12.066
12.2962
9.87219
11.7004
10.1159
24.3216
33.9229
10.6576
9.66905
10.0889
11.1993
10.1701
10.5493
65.7875
13.9484
10.143
10.2107
10.1701
10.4951
9.00549
9.72322
9.70968
9.39821
9.19508
9.8451
9.54718
9.46592
9.52009
10.2378
9.39821
9.95344
8.92424
9.9399
9.81802
9.9399
13.5286
14.5171
9.57426
9.08674
9.50655
9.76385
10.3191
9.27633
10.8743
29.9009
96.203
72.2741
67.548
13.1765
10.1024
10.3326
27.2196
10.2514
10.1837
9.22217
9.56072
9.96698
8.78882
11.0774
9.39821
9.19508
8.99195
9.5878
10.0889
10.942
9.8451
15.4109
9.52009
15.3296
10.0211
8.42318
9.37113
9.3305
10.3732
8.59923
8.66694
8.77528
8.70757
9.98052
9.04612
10.3868
9.46592
8.85653
10.4003
9.80448
11.0774
8.93778
9.46592
10.1701
8.17942
10.0211
10.1701
9.30342
9.79093
9.96698
10.3597
8.63986
10.2243
9.85864
10.2649
9.38467
9.62843
10.3597
10.2784
10.0076
9.22217
11.0097
9.87219
10.9962
10.793
10.2514
11.416
10.0482
10.2107
10.3868
8.99195
10.4545
10.7253
10.3055
9.31696
9.38467
10.4545
8.53152
9.56072
11.3076
11.0368
11.5243
44.4993
88.8497
30.1853
9.8451
9.88573
9.69614
9.50655
10.6983
10.1972
9.81802
9.70968
10.0211
10.3055
10.0482
11.0233
9.80448
10.1701
9.73676
14.0432
10.9285
10.4951
10.3326
9.73676
9.52009
10.4274
11.1587
9.50655
9.31696
9.6826
9.73676
10.0753
9.64197
9.99406
9.04612
9.92635
10.2378
9.85864
9.26279
11.7545
9.45238
9.73676
10.8608
37.5116
10.5899
10.5628
9.99406
9.83156
12.7837
81.6317
89.1205
63.0114
10.5899
10.7389
10.8066
10.0753
9.6826
11.0639
10.8878
10.4003
11.1993
33.8688
93.1019
86.5746
96.4197
11.2535
11.1451
38.7846
10.9826
9.61489
10.0753
9.83156
11.0233
11.1587
78.8014
60.953
11.7952
10.766
11.2806
10.8743
10.2784
19.6767
89.1747
43.0232
10.1295
10.1837
9.75031
10.4003
9.62843
9.98052
10.3597
10.9826
11.1045
11.2129
10.1566
10.7795
10.8743
11.5379
10.5357
10.5493
11.9712
10.4003
39.1096
80.6973
81.7672
55.2517
11.0233
10.9014
12.391
79.0994
41.0461
10.4545
10.3055
9.8451
8.99195
10.441
10.0211
9.35759
10.2378
9.56072
10.2514
9.92635
8.95132
9.54718
9.53363
9.56072
10.8608
10.1837
9.4253
10.1024
10.2107
11.1858
10.4951
10.441
10.1159
29.1968
82.4713
40.6398
9.57426
10.6847
9.79093
11.2806
10.8066
10.2649
9.98052
9.6826
9.69614
9.85864
10.1837
10.0076
10.4816
10.9556
10.3462
9.83156
9.20862
10.9285
9.75031
10.1159
9.168
10.0753
10.2378
9.91281
9.77739
9.8451
12.7567
9.24925
9.3305
10.2243
9.30342
11.8358
10.0076
9.89927
9.70968
9.83156
9.6826
9.89927
10.5628
8.92424
9.89927
11.2535
71.597
24.9581
9.43884
10.4139
9.66905
10.5357
9.15445
8.69402
10.8201
9.4253
10.2514
8.82944
9.61489
10.4003
8.74819
10.7253
10.2378
10.8743
94.4019
53.5048
12.9598
10.0076
9.39821
9.62843
10.5899
10.0347
10.9014
11.3754
9.4253
10.5628
10.3462
11.1181
9.73676
9.30342
10.3462
8.95132
10.3868
11.5243
9.85864
9.47946
9.24925
10.5628
12.5129
93.1696
95.5259
93.1561
81.4151
90.2174
80.6432
10.4545
10.6305
9.85864
10.3597
10.3732
10.5357
10.5087
9.62843
10.4274
11.267
10.143
9.88573
10.5628
19.0537
11.1993
11.0503
10.6305
56.5247
97.6791
98.1125
20.6246
10.4545
9.30342
10.6847
10.3191
11.8764
49.2661
65.2052
85.0579
93.5352
60.9394
12.6889
11.6462
11.7952
14.7473
83.812
55.2517
11.9848
22.4663
43.6732
14.6525
9.95344
59.9915
58.1633
11.7816
11.9441
65.8687
49.6047
11.4295
11.1451
12.6889
10.942
10.0347
11.4431
9.19508
10.793
9.79093
9.15445
10.6441
10.1837
10.3597
9.35759
9.50655
9.31696
10.0347
10.0482
43.8899
9.0732
11.4566
12.391
30.6187
4.30639
25.107
9.41175
10.7524
9.79093
10.6441
9.57426
10.7389
9.5878
10.1295
40.3961
51.1079
90.2039
19.3652
10.143
10.1159
11.1316
9.8451
9.20862
10.5357
11.6597
10.3326
9.96698
9.14091
9.54718
9.56072
9.34404
20.9902
60.479
10.3326
9.47946
10.3462
14.7067
11.4295
10.6983
10.0618
13.041
75.8899
103.963
88.4299
21.7892
9.61489
12.391
10.5899
73.344
49.7807
11.5379
12.0389
11.3889
10.0482
9.76385
51.5954
13.3254
10.9691
11.0639
10.8201
42.8743
17.6047
9.20862
9.54718
11.1045
10.0211
10.3868
11.0233
8.69402
8.89715
8.96487
10.9149
9.80448
9.60134
10.1295
9.81802
8.96487
9.95344
10.1701
9.0732
11.9983
11.1993
9.75031
9.99406
9.60134
8.31484
9.37113
9.19508
9.4253
10.6712
9.70968
8.58569
10.2243
9.45238
10.143
8.96487
9.00549
9.8451
11.0639
9.24925
8.12526
10.8066
9.00549
9.57426
9.69614
10.9285
9.95344
9.54718
9.79093
9.61489
11.0503
15.4244
72.7887
70.3241
11.9712
10.0482
10.2649
9.19508
10.6847
11.6462
10.5087
11.4566
88.5382
105.371
39.6106
10.7253
10.6576
9.20862
9.54718
9.89927
10.5899
9.79093
10.1024
9.96698
11.267
10.0347
9.6826
15.8984
86.7642
11.0639
9.81802
10.1566
10.0618
10.1159
9.20862
9.30342
10.3597
11.1722
10.1159
9.24925
9.0732
9.56072
10.3597
11.4024
10.617
9.88573
9.70968
9.72322
9.15445
9.28988
10.1972
9.96698
10.6305
9.80448
10.0211
9.65551
8.99195
10.2243
9.95344
9.80448
9.56072
10.5764
9.5878
9.77739
9.56072
9.96698
9.66905
12.0795
11.1858
10.6576
41.7232
48.1963
61.5488
13.7452
64.6906
88.1861
95.2009
44.1066
11.3889
61.7249
25.4862
10.0076
10.8337
29.2509
81.889
90.2716
20.3538
10.9014
9.5878
9.85864
9.72322
10.2378
9.87219
9.91281
10.6576
10.292
9.3305
9.60134
9.87219
10.9556
9.24925
10.7524
9.8451
10.4003
10.4545
9.01903
9.41175
9.9399
10.2107
10.1972
9.20862
9.65551
9.28988
9.72322
9.10029
9.89927
46.6119
10.8878
10.8066
34.8709
21.8705
9.77739
9.85864
9.76385
9.35759
10.3326
9.43884
9.91281
10.8201
8.8159
11.0233
10.4003
9.38467
9.3305
10.0076
9.52009
9.72322
9.61489
10.8472
9.45238
9.54718
10.6712
9.60134
10.5493
10.6035
9.8451
10.143
10.468
9.52009
10.4003
10.143
10.468
10.5493
10.0211
10.2378
17.537
10.7795
11.4431
11.8629
58.6779
26.1633
11.2806
51.0401
124.506
84.8141
15.3296
12.5806
38.8523
16.738
12.5806
16.9276
66.0312
108.553
99.4667
97.1781
102.608
95.3092
84.1641
87.2382
88.4163
94.8353
87.3194
79.9119
85.2204
80.8057
64.4333
64.7177
65.9906
72.1929
95.2957
68.8886
71.9898
66.4646
59.4498
66.5865
74.7253
74.644
58.2445
58.1091
70.4595
75.9982
80.3317
101.782
21.0715
13.6098
11.7275
11.0639
10.9014
10.6441
11.6191
10.1566
9.41175
9.77739
9.50655
10.3868
10.1566
10.3868
10.143
34.6271
16.5891
9.11383
9.73676
9.18154
9.19508
9.6826
10.2243
9.92635
10.4274
48.1692
10.4816
10.4274
9.64197
9.43884
9.64197
10.9014
34.8573
85.5725
20.3673
10.6305
8.85653
10.4816
11.1451
12.5671
20.5027
35.3719
31.0656
76.5941
101.051
70.7168
11.5379
11.592
9.00549
9.83156
9.98052
12.1743
8.54506
9.50655
10.9014
86.4121
63.851
10.3191
10.5628
11.8358
10.2514
10.6305
10.8743
11.9306
11.2806
11.3889
12.3098
10.6712
12.0795
12.3775
81.063
47.7494
11.9035
10.1024
10.3326
9.62843
8.28776
9.46592
9.49301
10.0211
9.64197
9.50655
8.80236
9.70968
8.3961
9.88573
8.69402
8.84299
8.07109
9.75031
11.1993
9.95344
10.0753
76.8649
15.3161
10.0482
11.3754
11.2941
34.1667
17.3339
10.0076
10.8743
9.56072
10.2378
9.18154
9.04612
11.3076
12.9192
84.9766
89.5809
87.7392
93.0342
87.8746
87.3194
32.9479
9.38467
9.64197
10.2649
11.2941
15.939
10.5222
21.7892
40.8294
10.6305
10.3326
10.7524
10.9826
53.0173
105.859
42.292
9.5878
9.91281
49.3203
36.8751
10.143
9.85864
9.80448
9.0732
10.0889
15.3567
41.3034
67.2365
76.2555
36.8751
11.4837
10.7795
34.9657
77.8399
101.268
35.9813
9.45238
11.2806
11.3347
10.0618
9.18154
11.1451
9.81802
9.47946
9.20862
8.57214
9.46592
11.3618
9.34404
10.4816
68.0896
88.2267
60.3571
9.61489
10.4139
10.9556
11.1993
9.99406
10.2107
9.08674
10.9014
93.8061
49.7266
9.56072
9.4253
9.12737
10.1159
9.91281
9.10029
9.95344
15.8172
10.9826
8.88361
8.96487
10.2784
10.4545
10.0211
11.1316
8.89715
9.38467
9.31696
56.6601
11.1181
10.8608
10.9556
10.6576
10.766
9.4253
12.9056
72.9377
74.8471
14.4494
11.7816
10.0753
11.0503
10.617
10.7118
10.0076
10.9826
11.6868
30.0364
84.2047
79.3296
18.336
80.9953
82.038
86.859
78.2733
12.6348
11.2129
11.3889
21.1257
55.1163
72.2606
86.9673
12.8785
46.6525
10.7389
10.3191
10.6305
9.76385
10.793
10.5899
9.76385
11.4024
11.0097
17.2391
62.429
17.9433
10.8066
10.8878
24.5247
94.2259
80.1286
49.0901
12.0931
10.8743
10.5899
10.5628
9.03258
12.5129
10.1159
9.77739
68.2928
51.5277
11.5785
10.5493
9.05966
9.34404
9.08674
9.4253
8.34193
9.31696
9.22217
10.0347
9.72322
9.79093
9.8451
10.143
10.3597
9.80448
9.98052
21.8163
10.1566
9.54718
8.36901
9.26279
9.88573
10.2514
10.292
10.6441
9.92635
11.0774
10.6983
10.5087
10.4951
40.7752
10.6712
9.81802
9.01903
10.5899
11.0503
69.024
57.5539
10.7795
9.96698
10.0482
28.4384
24.8091
9.83156
10.6035
9.64197
10.4003
9.9399
12.3233
9.50655
10.0618
8.36901
10.6847
10.8608
10.3055
10.143
10.7795
10.0889
12.0931
11.9577
38.1481
43.1586
83.6224
92.2487
59.8154
14.7473
33.9094
72.9783
103.38
88.782
83.1891
82.5797
74.9961
76.9326
84.3402
83.9881
79.0046
72.396
64.2301
71.4887
70.1751
61.4269
62.3749
63.8103
67.7782
75.0097
68.0761
67.5615
73.1815
73.6284
72.2877
74.8471
81.2119
64.5552
67.9136
64.0135
85.5319
79.8442
71.597
83.9339
90.2174
98.2479
46.4765
61.2644
63.3905
14.8286
70.121
61.6165
12.1337
10.6847
14.9098
46.4223
12.2691
10.0482
10.292
10.4816
9.38467
11.3212
10.4139
10.6576
10.1837
10.9149
10.6305
10.4951
9.89927
10.3326
11.5514
9.30342
11.0639
9.62843
10.3326
11.7816
9.9399
39.4346
90.3664
21.884
9.62843
11.4024
10.2107
9.89927
10.7524
9.60134
9.73676
12.1879
10.6847
11.9983
88.5382
31.1739
9.83156
9.28988
8.72111
11.0639
9.64197
9.98052
9.75031
9.6826
9.57426
10.143
10.4816
10.0618
9.64197
9.61489
10.3868
9.85864
9.14091
9.24925
8.88361
11.4972
10.1566
10.0211
10.3597
9.76385
9.8451
9.15445
9.27633
9.92635
9.50655
9.30342
9.0732
28.4249
8.88361
9.12737
9.81802
10.4545
10.1295
10.5087
10.8337
11.5514
10.1566
10.6983
29.102
61.3051
13.4202
11.8493
44.2014
88.5111
91.9102
88.7549
39.7596
10.9014
11.8493
9.47946
9.77739
10.3732
9.31696
9.96698
10.3462
9.79093
8.89715
10.0211
8.77528
9.00549
9.99406
10.6035
10.0889
9.01903
10.2649
10.1295
8.31484
10.7524
10.8201
23.333
66.5594
64.3656
34.1396
9.6826
10.6847
9.8451
8.50443
9.95344
9.85864
9.00549
10.2107
9.24925
9.77739
8.85653
10.292
12.0525
9.3305
10.7524
10.441
9.88573
8.97841
10.3191
9.43884
9.18154
10.3462
9.3305
10.441
9.69614
9.15445
10.0753
9.04612
9.03258
9.50655
9.61489
9.83156
8.8159
9.05966
9.53363
8.87007
8.07109
9.35759
9.85864
10.0076
10.6712
9.0732
9.39821
9.61489
9.03258
10.5357
9.70968
9.49301
11.2941
65.2458
66.275
11.2129
50.837
110.842
78.9233